R G B (values from 0 to 1)
0.443137 0.541176 0.752941
0.443230 0.544729 0.753356
0.443322 0.548281 0.753772
0.443414 0.551834 0.754187
0.443506 0.555386 0.754602
0.443599 0.558939 0.755017
0.443691 0.562491 0.755433
0.443783 0.566044 0.755848
0.443875 0.569596 0.756263
0.443968 0.573149 0.756678
0.444060 0.576701 0.757093
0.444152 0.580254 0.757509
0.444245 0.583806 0.757924
0.444337 0.587359 0.758339
0.444429 0.590911 0.758754
0.444521 0.594464 0.759170
0.444614 0.598016 0.759585
0.444706 0.601569 0.760000
0.444798 0.605121 0.760415
0.444890 0.608674 0.760830
0.444983 0.612226 0.761246
0.445075 0.615779 0.761661
0.445167 0.619331 0.762076
0.445260 0.622884 0.762491
0.445352 0.626436 0.762907
0.445444 0.629988 0.763322
0.445536 0.633541 0.763737
0.445629 0.637093 0.764152
0.445721 0.640646 0.764567
0.445813 0.644198 0.764983
0.445905 0.647751 0.765398
0.445998 0.651303 0.765813
0.446090 0.654856 0.766228
0.446182 0.658408 0.766644
0.446275 0.661961 0.767059
0.446367 0.665513 0.767474
0.446459 0.669066 0.767889
0.446551 0.672618 0.768304
0.446644 0.676171 0.768720
0.446736 0.679723 0.769135
0.446828 0.683276 0.769550
0.446920 0.686828 0.769965
0.447013 0.690381 0.770381
0.447105 0.693933 0.770796
0.447197 0.697486 0.771211
0.447290 0.701038 0.771626
0.447382 0.704591 0.772042
0.447474 0.708143 0.772457
0.447566 0.711696 0.772872
0.447659 0.715248 0.773287
0.447751 0.718800 0.773702
0.447843 0.722353 0.774118
0.447935 0.725905 0.774533
0.448028 0.729458 0.774948
0.448120 0.733010 0.775363
0.448212 0.736563 0.775779
0.448304 0.740115 0.776194
0.448397 0.743668 0.776609
0.448489 0.747220 0.777024
0.448581 0.750773 0.777439
0.448674 0.754325 0.777855
0.448766 0.757878 0.778270
0.448858 0.761430 0.778685
0.448950 0.764983 0.779100
0.449043 0.768535 0.779516
0.449135 0.772088 0.779931
0.449227 0.775640 0.780346
0.449319 0.779193 0.780761
0.449412 0.782745 0.781176
0.449504 0.786298 0.781592
0.449596 0.789850 0.782007
0.449689 0.793403 0.782422
0.449781 0.796955 0.782837
0.449873 0.800507 0.783253
0.449965 0.804060 0.783668
0.450058 0.807612 0.784083
0.450150 0.811165 0.784498
0.450242 0.814717 0.784913
0.450334 0.818270 0.785329
0.450427 0.821822 0.785744
0.450519 0.825375 0.786159
0.450611 0.828927 0.786574
0.450704 0.832480 0.786990
0.450796 0.836032 0.787405
0.450888 0.839585 0.787820
0.450980 0.843137 0.788235
0.457439 0.842445 0.785144
0.463899 0.841753 0.782053
0.470358 0.841061 0.778962
0.476817 0.840369 0.775871
0.483276 0.839677 0.772780
0.489735 0.838985 0.769689
0.496194 0.838293 0.766597
0.502653 0.837601 0.763506
0.509112 0.836909 0.760415
0.515571 0.836217 0.757324
0.522030 0.835525 0.754233
0.528489 0.834833 0.751142
0.534948 0.834141 0.748051
0.541407 0.833449 0.744960
0.547866 0.832757 0.741869
0.554325 0.832065 0.738777
0.560784 0.831373 0.735686
0.567243 0.830681 0.732595
0.573702 0.829988 0.729504
0.580161 0.829296 0.726413
0.586621 0.828604 0.723322
0.593080 0.827912 0.720231
0.599539 0.827220 0.717140
0.605998 0.826528 0.714048
0.612457 0.825836 0.710957
0.618916 0.825144 0.707866
0.625375 0.824452 0.704775
0.631834 0.823760 0.701684
0.638293 0.823068 0.698593
0.644752 0.822376 0.695502
0.651211 0.821684 0.692411
0.657670 0.820992 0.689319
0.664129 0.820300 0.686228
0.670588 0.819608 0.683137
0.677047 0.818916 0.680046
0.683506 0.818224 0.676955
0.689965 0.817532 0.673864
0.696424 0.816840 0.670773
0.702884 0.816148 0.667682
0.709343 0.815456 0.664591
0.715802 0.814764 0.661499
0.722261 0.814072 0.658408
0.728720 0.813379 0.655317
0.735179 0.812687 0.652226
0.741638 0.811995 0.649135
0.748097 0.811303 0.646044
0.754556 0.810611 0.642953
0.761015 0.809919 0.639862
0.767474 0.809227 0.636770
0.773933 0.808535 0.633679
0.780392 0.807843 0.630588
0.786851 0.807151 0.627497
0.793310 0.806459 0.624406
0.799769 0.805767 0.621315
0.806228 0.805075 0.618224
0.812687 0.804383 0.615133
0.819146 0.803691 0.612042
0.825606 0.802999 0.608950
0.832065 0.802307 0.605859
0.838524 0.801615 0.602768
0.844983 0.800923 0.599677
0.851442 0.800231 0.596586
0.857901 0.799539 0.593495
0.864360 0.798847 0.590404
0.870819 0.798155 0.587313
0.877278 0.797463 0.584221
0.883737 0.796770 0.581130
0.890196 0.796078 0.578039
0.896655 0.795386 0.574948
0.903114 0.794694 0.571857
0.909573 0.794002 0.568766
0.916032 0.793310 0.565675
0.922491 0.792618 0.562584
0.928950 0.791926 0.559493
0.935409 0.791234 0.556401
0.941869 0.790542 0.553310
0.948328 0.789850 0.550219
0.954787 0.789158 0.547128
0.961246 0.788466 0.544037
0.967705 0.787774 0.540946
0.974164 0.787082 0.537855
0.980623 0.786390 0.534764
0.987082 0.785698 0.531672
0.993541 0.785006 0.528581
1.000000 0.784314 0.525490
0.998570 0.780484 0.526413
0.997140 0.776655 0.527336
0.995709 0.772826 0.528258
0.994279 0.768997 0.529181
0.992849 0.765167 0.530104
0.991419 0.761338 0.531027
0.989988 0.757509 0.531949
0.988558 0.753679 0.532872
0.987128 0.749850 0.533795
0.985698 0.746021 0.534717
0.984268 0.742191 0.535640
0.982837 0.738362 0.536563
0.981407 0.734533 0.537486
0.979977 0.730704 0.538408
0.978547 0.726874 0.539331
0.977116 0.723045 0.540254
0.975686 0.719216 0.541176
0.974256 0.715386 0.542099
0.972826 0.711557 0.543022
0.971396 0.707728 0.543945
0.969965 0.703899 0.544867
0.968535 0.700069 0.545790
0.967105 0.696240 0.546713
0.965675 0.692411 0.547636
0.964245 0.688581 0.548558
0.962814 0.684752 0.549481
0.961384 0.680923 0.550404
0.959954 0.677093 0.551326
0.958524 0.673264 0.552249
0.957093 0.669435 0.553172
0.955663 0.665606 0.554095
0.954233 0.661776 0.555017
0.952803 0.657947 0.555940
0.951373 0.654118 0.556863
0.949942 0.650288 0.557785
0.948512 0.646459 0.558708
0.947082 0.642630 0.559631
0.945652 0.638800 0.560554
0.944221 0.634971 0.561476
0.942791 0.631142 0.562399
0.941361 0.627313 0.563322
0.939931 0.623483 0.564245
0.938501 0.619654 0.565167
0.937070 0.615825 0.566090
0.935640 0.611995 0.567013
0.934210 0.608166 0.567935
0.932780 0.604337 0.568858
0.931349 0.600507 0.569781
0.929919 0.596678 0.570704
0.928489 0.592849 0.571626
0.927059 0.589020 0.572549
0.925629 0.585190 0.573472
0.924198 0.581361 0.574394
0.922768 0.577532 0.575317
0.921338 0.573702 0.576240
0.919908 0.569873 0.577163
0.918478 0.566044 0.578085
0.917047 0.562215 0.579008
0.915617 0.558385 0.579931
0.914187 0.554556 0.580854
0.912757 0.550727 0.581776
0.911326 0.546897 0.582699
0.909896 0.543068 0.583622
0.908466 0.539239 0.584544
0.907036 0.535409 0.585467
0.905606 0.531580 0.586390
0.904175 0.527751 0.587313
0.902745 0.523922 0.588235
0.901315 0.520092 0.589158
0.899885 0.516263 0.590081
0.898454 0.512434 0.591003
0.897024 0.508604 0.591926
0.895594 0.504775 0.592849
0.894164 0.500946 0.593772
0.892734 0.497116 0.594694
0.891303 0.493287 0.595617
0.889873 0.489458 0.596540
0.888443 0.485629 0.597463
0.887013 0.481799 0.598385
0.885582 0.477970 0.599308
0.884152 0.474141 0.600231
0.882722 0.470311 0.601153
0.881292 0.466482 0.602076
0.879862 0.462653 0.602999
0.878431 0.458824 0.603922
